2022-06-05 08:03:10.543774
shape:
obs:(128, 128, 3)
sta:(18,)
action:(4,)
reward:()
obs1:(128, 128, 3)
sta1:(18,)
ter:()
obs: [[[180 152 120]
  [177 150 118]
  [186 158 126]
  ...
  [241 102   9]
  [240 101   9]
  [240 101   9]]

 [[185 156 124]
  [181 153 123]
  [185 155 125]
  ...
  [240 101   9]
  [239 101   9]
  [239 101   9]]

 [[183 155 123]
  [183 154 126]
  [178 151 121]
  ...
  [239 101   9]
  [238 101   9]
  [238 100   9]]

 ...

 [[172 149 120]
  [172 149 120]
  [175 152 123]
  ...
  [103 144 207]
  [104 146 210]
  [105 148 212]]

 [[170 146 118]
  [178 155 125]
  [174 152 124]
  ...
  [103 145 208]
  [104 147 210]
  [106 148 213]]

 [[176 151 123]
  [177 152 124]
  [175 151 124]
  ...
  [103 145 208]
  [105 147 211]
  [106 149 213]]]
sta: [ 5.42730772e-01 -7.76816012e-02 -1.66459275e-01  5.69624232e-01
  4.94241542e-02 -1.45350397e-01  4.64425146e-01 -1.17731685e-01
 -1.42969493e-01  5.65843312e-01 -1.60263141e-01 -1.36222653e-01
  5.32082023e-01 -1.13115761e-03  2.92302799e-01 -3.14159222e+00
 -2.91474033e-05  3.14156137e+00]
action: [ 0.84358007 -0.07543515 -1.         -0.417804  ]
reward: 0
obs1: [[[180 152 120]
  [177 150 118]
  [186 158 126]
  ...
  [234  99   9]
  [233  98   9]
  [231  98   9]]

 [[185 156 124]
  [181 153 123]
  [185 155 125]
  ...
  [233  98   9]
  [232  98   9]
  [229  97   9]]

 [[183 155 123]
  [183 154 126]
  [178 151 121]
  ...
  [232  98   9]
  [231  97   9]
  [227  96   8]]

 ...

 [[172 149 120]
  [172 149 120]
  [175 152 123]
  ...
  [106 148 213]
  [108 151 217]
  [110 154 221]]

 [[170 146 118]
  [178 155 125]
  [174 152 124]
  ...
  [106 149 213]
  [108 151 217]
  [110 154 221]]

 [[176 151 123]
  [177 152 124]
  [175 151 124]
  ...
  [106 149 214]
  [108 152 218]
  [110 154 221]]]
sta1: [ 5.42733647e-01 -7.76850036e-02 -1.66459241e-01  5.69628772e-01
  4.94150909e-02 -1.45350397e-01  4.64491884e-01 -1.17759659e-01
 -1.42971508e-01  5.65827892e-01 -1.60273410e-01 -1.36222787e-01
  5.74260591e-01 -4.90665689e-03  2.42303759e-01  3.14159184e+00
 -1.34226847e-05 -2.48529296e+00]
ter: False
