2022-06-15 14:09:48.334968
shape:
obs:(128, 128, 3)
sta:(18,)
action:(4,)
reward:(1,)
obs1:(128, 128, 3)
sta1:(18,)
ter:(1,)
obs: [[[195.  82.   7.]
  [195.  82.   7.]
  [195.  82.   7.]
  ...
  [162. 186. 224.]
  [162. 186. 224.]
  [162. 186. 224.]]

 [[192.  81.   7.]
  [192.  81.   7.]
  [192.  81.   7.]
  ...
  [162. 186. 224.]
  [162. 186. 224.]
  [162. 186. 224.]]

 [[189.  80.   7.]
  [189.  80.   7.]
  [189.  80.   7.]
  ...
  [162. 186. 224.]
  [162. 186. 224.]
  [162. 186. 224.]]

 ...

 [[172. 149. 120.]
  [172. 149. 120.]
  [175. 152. 123.]
  ...
  [113. 159. 228.]
  [115. 162. 232.]
  [117. 164. 235.]]

 [[170. 146. 118.]
  [178. 155. 125.]
  [174. 152. 124.]
  ...
  [113. 159. 227.]
  [115. 161. 231.]
  [116. 163. 234.]]

 [[176. 151. 123.]
  [177. 152. 124.]
  [175. 151. 124.]
  ...
  [113. 158. 226.]
  [115. 161. 231.]
  [116. 163. 234.]]]
sta: [ 5.9209138e-01  1.7385371e-01 -1.6716556e-01  6.5464020e-01
 -3.3654470e-02 -1.4836682e-01  7.1734005e-01 -1.7741986e-02
 -1.5956023e-01  4.8642308e-01  9.4998237e-03 -1.4568028e-01
  6.9999379e-01  2.2000217e-01  2.7599844e-01 -3.1415913e+00
 -2.1307960e-05  1.5708131e+00]
action: [0.9238975  0.94751006 0.97165996 0.933441  ]
reward: [0.]
obs1: [[[195.  82.   7.]
  [195.  82.   7.]
  [195.  82.   7.]
  ...
  [162. 186. 224.]
  [162. 186. 224.]
  [162. 186. 224.]]

 [[192.  81.   7.]
  [192.  81.   7.]
  [192.  81.   7.]
  ...
  [162. 186. 224.]
  [162. 186. 224.]
  [162. 186. 224.]]

 [[189.  80.   7.]
  [189.  80.   7.]
  [189.  80.   7.]
  ...
  [162. 186. 224.]
  [162. 186. 224.]
  [162. 186. 224.]]

 ...

 [[172. 149. 120.]
  [172. 149. 120.]
  [175. 152. 123.]
  ...
  [113. 159. 228.]
  [115. 162. 232.]
  [117. 164. 235.]]

 [[170. 146. 118.]
  [178. 155. 125.]
  [174. 152. 124.]
  ...
  [113. 159. 227.]
  [115. 161. 231.]
  [116. 163. 234.]]

 [[176. 151. 123.]
  [177. 152. 124.]
  [175. 151. 124.]
  ...
  [113. 158. 226.]
  [115. 161. 231.]
  [116. 163. 234.]]]
sta1: [ 5.9209138e-01  1.7385371e-01 -1.6716556e-01  6.5450758e-01
 -3.3494916e-02 -1.4837137e-01  7.1729660e-01 -1.7545974e-02
 -1.5958205e-01  4.8642248e-01  9.4994502e-03 -1.4568031e-01
  6.9999748e-01  2.2000338e-01  2.7599871e-01 -3.1415906e+00
 -2.1120808e-05  1.5708129e+00]
ter: [0.]
